0.7658902
-0.010849159
0.25994563
0.27738088
-0.17292963
0.017567962
0.34042686
-1.1558145
-0.1670239
0.16626024
0.7083068
-0.1860482
0.36184555
-0.35178143
-0.6311727
-0.43377998
0.31109005
0.3202418
-0.44310573
0.40307164
-0.22116065
-0.33526468
-0.41179547
0.042574093
0.9808748
0.90835243
-0.114435464
-0.67279387
-0.61254615
-1.268015
1.091756
0.9744138
0.97926736
-0.31027627
-0.9068717
0.99953455
0.08756319
0.8631706
0.8823843
0.7141698
0.6507714
0.80011404
-0.433923
-0.6916441
-0.4495947
0.8996856
0.3150924
-0.15378915
-1.1352707
-0.4720678
0.80161285
0.6948719
0.2440651
