0.4571976
-0.36787045
-0.1567472
1.2224463
-0.29133543
0.093336746
1.0593908
0.1670536
-0.92177194
0.64498603
0.47244436
-0.5667515
0.59876037
-0.29374933
-0.21164249
-0.72403765
-0.47039664
1.0000906
-0.24982078
-11.906401
-0.6709331
4.0132546
4.7358804
0.25320756
-0.342664
-0.99962103
-0.41214254
-0.6898458
0.9874658
-0.50512683
-0.032809585
-0.34532833
0.08912393
0.3606067
-0.1939249
1.014655
0.66251546
-0.5814592
-16.663479
-0.91024035
-0.89467204
0.7712225
-0.82776624
-0.77344584
-0.6355276
0.23874336
-0.5898217
0.62449586
0.16860059
-0.26694083
-0.6659664
13.57675
1.3096241
