0.5557686
0.53658533
-0.009464614
0.97893083
-0.28724453
-0.9396981
0.31257328
8.514325
0.6381747
0.6339494
-5.4571905
-7.1397657
-0.3795191
0.111167185
0.85977995
0.78654474
0.3966837
-0.10034259
-0.5976979
0.23051786
-0.34328803
0.6597981
-0.7223833
0.5041244
-0.8330258
-1.0450953
0.14844319
0.828431
0.35776174
0.2583102
1.5075122
-11.195918
0.915106
0.4540437
-0.87085325
-0.84877783
0.5968063
0.14022508
0.91842353
0.24265945
-0.2120857
1.0829226
0.7047223
0.10723598
0.95992017
0.22791867
0.6651152
-0.6839412
0.8460804
-0.68381536
0.42632002
0.13166296
-0.6600328
