0.8478451
0.9613458
-0.72685754
0.67789245
0.02331531
-0.38370836
0.89132917
-0.3913561
-0.19813132
-0.12875795
0.13734174
0.80973315
-0.2922424
0.08113098
0.48393166
0.5233755
-0.40826404
-0.35967958
0.5669038
0.7115966
0.08843684
0.6604371
0.24918067
0.09532404
0.34176946
-0.27719808
-0.60543597
0.67221665
0.015188813
0.6573005
0.26151526
-0.6130363
0.58657444
-0.16340232
0.82184124
-0.11806178
0.454903
-0.1942755
0.9445889
-0.3001722
-0.23546553
-0.38391936
-0.5410259
-0.55487704
0.79566014
-0.2951069
-0.5246761
-0.7286601
-0.10458672
-0.9575373
-0.99045
-0.2899704
0.2587148
