0.60185003
0.5250038
0.4254619
0.5243913
0.16431427
-0.21719539
0.33160162
-0.95725954
-0.597993
0.9507961
0.6834636
0.16017592
0.41879022
-0.6404234
-0.5577266
-0.46567333
0.42845225
0.10762906
-0.33803213
0.16254723
-0.16435838
0.8193829
-0.5099311
0.25229537
0.96680605
0.059891105
0.36179185
-0.839978
-0.79181767
-0.98170924
0.93082047
0.8258525
0.7990221
-0.83634627
-0.86632514
0.8143923
0.086370945
0.91058075
0.23733258
0.5100478
0.5889034
0.75365424
-0.04661441
0.007140398
-0.18621707
0.71658957
0.30440664
-0.13910222
-0.84919286
-0.27817738
0.39351022
-0.013559818
0.2169658
