0.3019943
-0.11044734
0.30023807
-0.23859385
-0.58470666
-0.80726147
-0.86321735
-0.6802492
0.25725228
0.7717754
1.0617607
-0.9887729
0.40224004
1.2483777
-0.5167961
-0.46452016
0.1351425
0.11139853
-0.03606665
-0.86271465
0.55535793
0.062915996
0.07906807
-0.25849515
-0.019880928
-0.8685617
-0.122825846
0.40284443
1.5198324
-0.36761189
-0.796245
0.4043975
0.008622944
-0.87320423
-0.5031869
0.64058924
-0.9668156
0.30426106
0.5434309
-0.31030673
-1.1519872
0.13019857
-0.4370377
-0.58135676
0.76590145
0.15888572
-0.16633812
-0.63776207
-0.1739425
-0.4118291
0.18509038
0.33243644
0.9688027
