0.0021228418
-0.36360508
0.1770289
-0.8165426
-0.9099811
0.84427655
0.5599044
-0.71689594
0.6929911
-0.2624791
-0.54814315
-0.25100318
-0.21848705
-1.2704568
-0.11413666
-0.5278038
0.79628444
0.6337377
-0.07351129
-0.5546267
0.5863847
0.24063352
0.9828591
-0.04461074
0.41349393
0.07822344
0.5683991
-0.24815683
0.95368445
1.2155182
-0.090905905
0.5471537
1.4150577
1.1005
0.5207468
-0.31078112
0.92135465
-0.54774314
0.27527702
0.030695543
0.55155504
0.48608202
0.74240655
-0.6628103
0.06242792
-0.99234086
-0.74182177
-0.39753997
0.23781031
-0.40724683
-0.78175366
0.8884615
-0.5337598
