-0.5232669
-1.0907506
0.0038054641
-0.091900565
0.5592194
0.2066274
-0.969652
-0.5319278
0.2221452
-0.4585506
0.6810599
-0.14225912
0.20244682
-1.4698187
-0.25305605
0.93404865
-0.32068157
-0.70160943
0.63875276
-0.0054870546
0.2960677
-1.0240271
0.8163595
-0.45326865
0.91323704
-10.283729
0.069962025
3.7814353
7.97976
-0.28169584
-0.007304333
-0.21459079
-0.387905
1.1114242
-0.5763919
0.85381365
-0.9018422
-0.9992427
0.9987787
-0.36878273
-0.4259237
-0.2442208
-0.45625556
-0.07704349
11.403468
1.0148281
-0.87450284
-0.5678307
-1.3685763
-0.28630972
0.13959633
8.882751
-0.8344101
