0.20715556
-0.0924293
-0.8821901
0.024557225
-0.47070432
-0.33583677
0.8068991
-0.44335216
-0.11252167
1.0314528
0.7089423
-0.99436617
0.78148824
1.3937509
-0.24691802
-0.52503365
0.61165226
0.48784286
0.9668601
0.298769
0.4331534
0.11740793
0.15222335
-0.9822786
-0.40962514
-1.4213054
-0.03478226
0.9231454
1.2456132
0.024053685
0.03701117
0.6164887
0.936606
-1.0043622
-0.68250746
0.5587213
-0.7771324
0.14774944
0.39604628
-0.92440283
-0.13534993
0.43061084
-0.08111227
-0.5901555
1.0128169
0.08729186
-0.930778
0.80408573
0.53556156
0.14892867
-0.62059486
0.25888395
-0.5618732
