0.4000218
-0.2984382
-0.9133563
0.13520034
-0.51099885
0.8059433
1.3736162
-0.49038264
-0.8969635
1.150883
0.5374551
-0.772725
0.6149457
-0.26490724
0.23111439
0.11021936
-0.19583407
0.47219416
1.0458007
-0.91695875
0.83651745
0.5848088
-0.26572263
0.25948498
-0.5808809
-1.2196716
-0.05086472
1.0184813
0.96457684
0.0050203353
0.09231726
-0.73992443
-0.11933721
0.7901251
0.24304801
0.9420161
-0.26918963
0.45789108
0.41015154
-1.2004064
-0.8644129
0.79161936
-0.20602405
0.8358716
1.1384301
-0.9228543
-0.7903391
1.2114916
-0.89134234
-0.10591035
-1.1036292
0.2622671
-0.85680836
