-0.39999926
0.6485517
-0.027541049
-0.60091895
-1.1596037
0.66677356
0.35849267
-0.6767265
0.6592711
-0.06435027
-0.20412764
-0.2824273
-1.1930624
0.13343608
-0.47571087
-0.45880714
-0.3550392
-0.94973457
-0.9740848
0.9053771
-0.252347
-0.18782546
-1.1406775
0.80237424
-0.83343375
0.36905155
0.20050177
-0.6139419
0.5821657
-0.12569392
-0.42759693
-0.35785347
0.9276264
-0.48006713
-0.7663479
1.1512778
-0.47822478
1.1002116
-0.9450221
0.3200807
-0.25353888
0.3126501
0.6617879
-0.701499
-0.44051084
0.9407457
0.88211846
-0.14989814
-1.219723
1.0339793
0.6709262
-0.4568273
0.2923985
